42472147
42454001
42404389
42400966
30725873
42398473
42375195
42343675
42340197
42338949
42327852
42318405
42310736
42303244
42258818
42237158
42187891
42177939
42164180
42145755
42137144
42104979
42010417
42007108
42003699
41994465
41987456
41987441
41987440
41987439
41929910
41929265
41908839
41890868
41888768
41878088
41852544
41839588
41839587
41839586
41810347
41786451
41768937
41767528
41741983
41707884
41689324
41689159
41686548
41675832
41658594
41656711
41640615
41626221
41610368
41607432
41604189
41578516
41578494
41571311
41559977
41551826
41498898
41475813
41469720
41468525
41403645
41399864
41396394
41377809
41368598
41368595
41366370
41358978
41356247
41346981
41342530
41339168
41328428
41263828
41261021
41248399
41220962
41207271
41178875
41162852
41147529
41143548
41142165
41116988
41116795
41054140
41050645
41050278
41045123
41031551
41026492
41025069
41021978
40990670
40963935
40954058
40919119
40918226
40854853
40848689
40847801
40826758
40825690
40797107
40787993
40776875
40776874
40737250
40726729
40712861
40691032
40665700
40606589
40606445
40551652
40546828
40524297
40518778
40510288
40437703
40421295
40420543
40418859
40412094
40385060
40352817
40281988
40281555
40259979
40217969
40183888
40153477
40138259
40134699
40114162
40109717
40104825
40059053
40053808
40043571
40032383
39993070
39978558
39971569
39961755
39957303
39957173
39945698
39943756
39911866
39871836
39850598
39840340
39808574
39806660
39802413
39800631
39787088
39777881
39754452
39748403
39734602
39725420
39716758
39700183
39681480
39677117
39658374
39652211
39647839
39635076
39614796
39557427
39523483
39496309
39465871
39444103
39433373
39433368
39433363
39432497
39425206
39401827
39401810
39376652
39313286
39297818
39297536
39303649
39249654
39238296
39208417
39115505
39019211
38986595
38982789
38974755
38970081
38969370
38968523
38957330
38948315
38943533
38904602
38899285
38896170
38883347
38836736
38782080
38775581
38764101
38745738
38707419
38664207
38658388
38649202
38621725
38590962
38562427
38546428
38504188
38500325
38475745
38467502
38445481
38413043
38370213
38367159
38310025
38297396
38284498
38277549
38221997
38213234
38191160
38169833
38162554
38150863
38149653
38146243
38141805
38104066
38093254
38030523
38008590
38007308
37942222
37916930
37904455
37904453
37868829
37849245
37832117
37809441
37730266
37692781
37681338
37679984
37657060
37652428
37555116
37547105
37482441
37474962
37434809
37429653
37429652
37419321
37379490
37348776
37256901
37247862
37234245
37199201
37197543
37162424
37133869
37133867
37133852
37133844
37094709
37089912
37074488
37068819
37067683
37026972
36994751
36968762
36950567
36934401
36928500
36925621
36911113
36858389
36858243
36808505
36798530
36797022
36769839
36760604
36749304
36745198
36691208
36655623
36644423
36609578
36607887
36605615
36581999
36577289
36570812
36550918
36550890
36545028
36510302
36505337
36505292
36479561
36465896
36464237
36456969
36452957
36415253
36397219
36369133
36348477
36322060
36310624
36310617
36116306
36111922
36098938
36065876
36041767
35933171
35911171
35903412
35880283
35855822
35848966
35820569
35797863
35793187
35783617
35747183
35739000
35721049
35720011
35714357
35700682
35647012
35628808
35620476
35586810
35579382
35546221
35482244
35477483
35475376
35463630
35434950
35428615
35419404
35360742
35341011
35313663
35299873
35272400
35272399
35260513
35258777
35254469
35244082
35241130
35229627
35144662
35075367
35059414
35025157
34970326
34967368
34961820
34941130
34938745
34898088
34872308
34865335
34728456
34680008
34649614
34630601
34548816
34503565
34497027
34481364
34472754
34471447
34425851
34423619
34422076
34413646
34404603
34394395
34377327
34369697
34342802
34314896
34271271
34259403
34234358
34160400
34152398
34105396
34103464
34085474
34085467
33976704
33976542
33876547
33859707
33788439
33784688
33761976
33691439
33650089
33628313
33603487
33559444
33530184
33530158
33495134
33488793
33482878
33415872
33406735
33343971
33341226
33269837
33256456
33248303
33239324
33167893
33154688
32955916
32915775
32869590
32819923
32791693
32778158
32712439
32694919
32675583
32631387
32595749
32539426
32537102
32501976
32445558
32394653
32381110
32378261
32333540
32270634
32270633
32198961
32195960
32186016
32176032
32144924
32144909
32118757
32100498
32088676
32062864
32046764
31968988
31915045
31888744
31885697
31827553
31820604
31752522
31705448
31704425
31689744
31657166
31657165
31564843
31494334
31475497
31475494
31397132
31397125
31358034
31327237
31278110
31264709
31190492
31169066
31142359
31099217
31099216
31031877
31026520
30977667
30962235
30942032
30942011
30942010
30897865
30855464
30705606
30693806
30672258
30672250
30672249
30672232
30672212
30656150
30632508
30593173
30585459
30585458
30585457
30538764
30521680
30514690
30514358
30451336
30426192
30425466
30414367
30381011
30365255
30365254
30356696
30349267
30304047
30297735
30277014
30151019
30147734
30122979
30116387
30094984
30014671
30014664
30002000
29971998
29925916
29879048
29773696
29761478
29701042
29625972
29557487
29530519
29519860
29502375
29492186
29489645
29473354
29466978
29436371
29422935
29368636
29354988
29318862
29318860
29301556
29231608
29231549
29231541
29231482
29231428
29231319
29231295
29231293
29156873
29103083
29102966
29092817
29076978
29072015
29071990
29071949
29071894
29067139
29036756
28975075
32188223
28860844
28851418
28818674
28804223
28780543
32188208
28658163
28628969
28600329
28569130
28527545
28493083
28460716
28459508
28459239
29961273
28298935
28135129
28129399
28105066
28071133
28069040
28068994
28052910
27996204
27924198
30641627
27776761
29231523
27607517
27593801
27555225
27513234
30640984
27437568
29231413
29071913
29231457
27285727
27270119
27236884
27142864
27141613
27136291
27079227
27073400
26964180
26959661
26946624
26887207
26790216
26790203
26775476
26770641
26629130
26627917
26573153
26571899
26568767
26550304
26522652
26521589
26507494
26485913
26485912
26480551
26466590
26464415
26350110
26303967
26237966
26193724
26177687
26170873
26131193
26131165
26062180
26054195
26054147
26040491
26011261
25932216
25926298
25910930
25906559
25906556
25886483
25785107
25667665
25652804
25618973
25610486
25543435
25530786
25520278
25509743
25470475
25456960
25412669
25197314
25169910
25152761
25137842
25135729
25069199
25069197
25029834
25022125
24992751
24953665
24946646
24941841
24886647
24865978
24843974
24843973
24818497
24818496
24796057
24772181
24739815
24684105
24684104
24684103
24621826
24617242
24579355
24576720
24517057
24494295
24494293
24480836
24473588
26623337
24371465
24349293
24308185
24308183
24298779
24273973
24261296
24261295
24195218
24161996
24144572
24137250
24006670
24006667
24006663
23980354
23969146
23905377
23866092
23819209
23789227
23713295
23710881
23650803
23650792
23620949
23620945
23546631
23469596
23440796
23431349
23342777
23342772
23342207
23315447
23301484
23301483
23259272
23259270
23227690
23213976
23181618
23156204
23142625
23140054
23140053
23072093
23019939
22978476
22882204
22764600
22764592
22741260
22734376
22732720
22679714
22650123
22574563
22531569
22495500
22462246
22380768
22379783
22379782
22378584
22309902
22136031
22073889
22073887
22013791
21972626
21964679
21958939
21894705
21894700
21823288
21809126
21776291
21739700
21717774
21716712
21692299
21692285
21644312
21585050
21442823
21441884
21383391
21375022
21355158
21327534
21280458
21246851
21235066
21235065
21235060
21122849
21092614
21081772
21058485
20962656
20942286
20848892
20848889
20713374
20694778
20694777
20677584
20615859
20568437
20545874
20532541
20518179
20496734
20462041
20458906
20458904
20353110
20329608
20308818
20209977
20172127
20137365
20128295
20128292
20088414
20039456
20001536
19861267
19803235
19781318
19574177
19555885
19526809
19526805
19370583
19369187
19288899
19186718
19097498
19055289
19051355
19004207
19004194
18972728
18928117
18928116
18928115
18928111
18822980
18679598
18678156
18630547
18604251
18481712
18476416
18476415
18447225
18387854
18386641
18257356
18219451
18198637
18043058
18035566
17982558
17959591
17718686
17587446
17443563
17388767
17370490
17312205
17205816
17030438
16950659
16903604
16846819
16813514
16781643
16731125
16679325
16625560
16613274
16571275
16541867
16428565
16419715
16318136
16312899
16312898
16249982
16235461
16192603
16034953
15992223
15971087
15957964
15673859
15649327
15609591
15608039
15385352
15266478
15243722
15105387
14714354
14693608
12969098
12859301
12832372
12600800
12591047
12577332
12575601
12510181
12480178
12459663
12411789
12406527
12216602
12179668
12098159
12088960
12088950
12024072
11819501
11818761
11818760
11261059
11226090
11220943
10968648
10551571
10527973
10357346
10211493
9806695
9717924
9680898
9431484
9249122
9218639
9863079
9166993
8971315
9387354
9387350
7663861
7650958
23839833
7894919
8043993
8280549
8447210
1415090
1345034
1339621
1288930
1874201
2205609
2140030
2294528
2125871
2125869
2125864
1978503
2605083
2660421
2802248
2802245
2784684
2783481
3049394
2866672
7129293
839659
4435353
